baseline: 116.9018119
upper_limit: 96.55393206, 95.20002692
